1 0.48046875 0.45703125 0.065625 0.05234375
1 0.628125 0.7734375 0.13671875 0.15859375
1 0.5796875 0.56875 0.13046875 0.146875
1 0.68671875 0.48125 0.0765625 0.08515625
1 0.80234375 0.70859375 0.16875 0.13046875
1 0.7875 0.878125 0.14609375 0.15859375
1 0.9375 0.8484375 0.125 0.16875
1 0.87265625 0.609375 0.1859375 0.09921875
1 0.74375 0.42734375 0.13671875 0.0828125
1 0.140625 0.9359375 0.10390625 0.128125
1 0.671875 0.9359375 0.08984375 0.128125
1 0.271875 0.6921875 0.3953125 0.30078125
1 0.2421875 0.4359375 0.0578125 0.05234375
1 0.9203125 0.378125 0.159375 0.06640625