1 0.1359375 0.97109375 0.08125 0.0578125
1 0.40546875 0.9109375 0.14296875 0.11015625
1 0.5453125 0.95390625 0.06796875 0.06796875
1 0.5375 0.83046875 0.06015625 0.05
1 0.45390625 0.8265625 0.05 0.0578125
1 0.4625 0.75625 0.1 0.07578125
1 0.5578125 0.59609375 0.04609375 0.0421875
1 0.5984375 0.65859375 0.06640625 0.04453125
1 0.64453125 0.74921875 0.07109375 0.096875
1 0.7109375 0.68671875 0.03515625 0.05546875
1 0.68671875 0.5921875 0.11328125 0.0578125
1 0.7296875 0.5515625 0.04140625 0.0265625
1 0.7546875 0.52890625 0.01953125 0.03125
1 0.78046875 0.61015625 0.0234375 0.03125
1 0.77734375 0.68671875 0.03671875 0.03671875
1 0.2859375 0.696875 0.29765625 0.2203125