1 0.6359375 0.68359375 0.0921875 0.11328125
1 0.534375 0.60078125 0.04140625 0.04140625
1 0.60234375 0.59140625 0.075 0.05546875
1 0.59375 0.5265625 0.05859375 0.053125
1 0.53203125 0.5296875 0.03671875 0.0296875
1 0.54765625 0.48984375 0.04140625 0.0234375
1 0.33359375 0.69375 0.0484375 0.07890625
1 0.409375 0.60703125 0.04140625 0.06015625
1 0.465625 0.609375 0.046875 0.04375
1 0.50234375 0.65 0.04296875 0.03671875
1 0.46953125 0.7421875 0.04453125 0.03671875
1 0.5625 0.93515625 0.0609375 0.11328125
1 0.33828125 0.93515625 0.10546875 0.1296875
1 0.859375 0.6328125 0.275 0.31640625