1 0.6671875 0.38984375 0.05703125 0.0296875
1 0.534375 0.3140625 0.04921875 0.02734375
1 0.26171875 0.6203125 0.20625 0.109375
1 0.4203125 0.58046875 0.0546875 0.0640625
1 0.50390625 0.703125 0.20625 0.1296875
1 0.36171875 0.8765625 0.1328125 0.15546875
1 0.73828125 0.97421875 0.1046875 0.0515625
1 0.95859375 0.5328125 0.0828125 0.06875
1 0.734375 0.49921875 0.13125 0.0640625
1 0.7921875 0.45703125 0.0703125 0.03125
1 0.696875 0.41640625 0.078125 0.04453125
1 0.76328125 0.35859375 0.046875 0.0359375
1 0.61328125 0.3046875 0.03125 0.03125
1 0.35 0.340625 0.0421875 0.03125
1 0.3984375 0.38984375 0.0046875 0.015625
1 0.32109375 0.4390625 0.228125 0.09375
1 0.0796875 0.4796875 0.075 0.04140625
1 0.175 0.51171875 0.07578125 0.06015625
1 0.1703125 0.359375 0.03203125 0.015625
1 0.37265625 0.26484375 0.03125 0.028125
1 0.4296875 0.98203125 0.13203125 0.02109375