1 0.14921875 0.603125 0.18671875 0.16953125
1 0.07890625 0.45546875 0.1375 0.07890625
1 0.34609375 0.57421875 0.04609375 0.0625
1 0.75546875 0.77578125 0.16796875 0.10703125
1 0.92734375 0.803125 0.084375 0.06015625
1 0.93125 0.921875 0.1296875 0.13046875
1 0.7796875 0.3828125 0.0828125 0.05078125
1 0.9171875 0.4265625 0.071875 0.0375
1 0.87109375 0.6171875 0.2203125 0.0953125
1 0.6328125 0.55703125 0.08125 0.0765625
1 0.5359375 0.44921875 0.03203125 0.0375
1 0.53046875 0.30078125 0.065625 0.0328125