1 0.1109375 0.7578125 0.096875 0.09921875
1 0.28984375 0.596875 0.03828125 0.028125
1 0.56640625 0.82578125 0.1875 0.1875
1 0.5640625 0.51171875 0.15078125 0.09609375
1 0.64375 0.41015625 0.13359375 0.05390625
1 0.39765625 0.4265625 0.084375 0.04375
1 0.31328125 0.39140625 0.03984375 0.0296875
1 0.54296875 0.3734375 0.121875 0.04375
1 0.65390625 0.3359375 0.09609375 0.0359375
1 0.59140625 0.30546875 0.07421875 0.034375
1 0.55390625 0.32734375 0.053125 0.034375
1 0.35234375 0.346875 0.06875 0.0453125
1 0.39921875 0.38515625 0.07734375 0.0484375
1 0.44609375 0.2578125 0.05546875 0.0296875
1 0.40390625 0.29453125 0.05078125 0.040625
1 0.4703125 0.3359375 0.05078125 0.0328125
1 0.55390625 0.28125 0.071875 0.0296875
1 0.60546875 0.24140625 0.05234375 0.0296875
1 0.5359375 0.24765625 0.04921875 0.0234375
1 0.1890625 0.63515625 0.065625 0.13515625