1 0.67109375 0.31640625 0.090625 0.04140625
1 0.621875 0.36875 0.059375 0.04375
1 0.62109375 0.53125 0.04453125 0.0578125
1 0.49765625 0.57421875 0.08984375 0.0765625
1 0.41171875 0.66640625 0.16640625 0.1203125
1 0.68125 0.67421875 0.20234375 0.10859375
1 0.69765625 0.85546875 0.16875 0.19375
1 0.36953125 0.4421875 0.046875 0.04140625
1 0.0578125 0.45625 0.1078125 0.0578125
1 0.5296875 0.30390625 0.04921875 0.02734375
1 0.73125 0.434375 0.04453125 0.02734375
1 0.584375 0.246875 0.0453125 0.03671875