1 0.09921875 0.3765625 0.07421875 0.0421875
1 0.14921875 0.28125 0.0421875 0.02890625
1 0.0921875 0.25625 0.04765625 0.03515625
1 0.04296875 0.2359375 0.03671875 0.03515625
1 0.16328125 0.16953125 0.03671875 0.0203125
1 0.38359375 0.1875 0.0484375 0.0296875
1 0.3390625 0.2203125 0.0453125 0.03515625
1 0.3140625 0.32890625 0.06171875 0.0328125
1 0.4328125 0.25390625 0.03984375 0.0265625
1 0.2109375 0.6546875 0.0984375 0.06484375
1 0.47109375 0.51484375 0.17734375 0.1046875
1 0.7046875 0.50703125 0.1 0.04765625
1 0.7234375 0.6796875 0.153125 0.0921875
1 0.528125 0.4375 0.1234375 0.0609375