1 0.60234375 0.37109375 0.11015625 0.04609375
1 0.73046875 0.4015625 0.13359375 0.0515625
1 0.6296875 0.4125 0.07421875 0.0375
1 0.5578125 0.45390625 0.06953125 0.0515625
1 0.66171875 0.4515625 0.121875 0.03984375
1 0.7921875 0.44140625 0.0765625 0.0515625
1 0.6734375 0.5125 0.096875 0.05390625
1 0.60703125 0.4875 0.08671875 0.0515625
1 0.446875 0.5203125 0.140625 0.06875
1 0.51875 0.59296875 0.17421875 0.0859375
1 0.31796875 0.55703125 0.06796875 0.07421875
1 0.21953125 0.57578125 0.10546875 0.06015625
1 0.71875 0.85703125 0.11328125 0.0796875
1 0.3 0.79140625 0.584375 0.29140625