1 0.6875 0.18515625 0.06328125 0.04765625
1 0.728125 0.2328125 0.084375 0.05078125
1 0.77421875 0.14609375 0.0765625 0.04140625
1 0.81953125 0.271875 0.05078125 0.04453125
1 0.784375 0.34765625 0.09921875 0.06875
1 0.3671875 0.840625 0.153125 0.2328125
1 0.52890625 0.62265625 0.2375 0.19375
1 0.26953125 0.48984375 0.22421875 0.15859375
1 0.434375 0.4375 0.10234375 0.0984375
1 0.08046875 0.3078125 0.09921875 0.071875
1 0.18046875 0.35234375 0.078125 0.0625
1 0.29140625 0.34765625 0.06015625 0.04453125
1 0.253125 0.2625 0.0765625 0.05078125
1 0.23828125 0.20625 0.05703125 0.04453125
1 0.30703125 0.2 0.05078125 0.0328125
1 0.3734375 0.2734375 0.14453125 0.1015625
1 0.50546875 0.31015625 0.08125 0.05703125
1 0.36328125 0.12109375 0.04375 0.04453125
1 0.1796875 0.1296875 0.0375 0.08046875
1 0.26875 0.0671875 0.1109375 0.11640625
1 0.18203125 0.05546875 0.06484375 0.07734375
1 0.39140625 0.04609375 0.09765625 0.08359375
1 0.75625 0.965625 0.09765625 0.06875
1 0.9734375 0.3515625 0.053125 0.05625
1 0.6203125 0.04609375 0.0390625 0.0625
1 0.53828125 0.05859375 0.05703125 0.075