1 0.3390625 0.60390625 0.03984375 0.0546875
1 0.425 0.6 0.08984375 0.04453125
1 0.3640625 0.5234375 0.04375 0.046875
1 0.68046875 0.66171875 0.096875 0.0515625
1 0.7078125 0.62421875 0.04609375 0.0328125
1 0.55 0.74296875 0.06953125 0.0515625
1 0.63046875 0.778125 0.06328125 0.06015625
1 0.696875 0.82578125 0.0875 0.046875
1 0.6890625 0.94921875 0.09765625 0.08671875
1 0.80546875 0.97421875 0.05859375 0.0515625
1 0.5515625 0.94765625 0.0734375 0.1046875
1 0.4546875 0.80859375 0.0453125 0.053125
1 0.44453125 0.87578125 0.06171875 0.04140625
1 0.25078125 0.74765625 0.0453125 0.03515625
1 0.234375 0.85234375 0.0546875 0.05